50

1 5
4 5
1 7

16 36
94 12
16 12

596516650 23000073
596516650 189641422
428685712 189641422

478160381 19632786
783368691 19632786
478160381 102520060

365180541 222688882
304089172 540383427
365180541 540383427

14660871 521595369
35005212 162170322
14660871 162170322

336465783 233665123
278722862 861021531
278722862 233665123

85295453 468703136
85295453 395870394
145174068 395870394

315634023 490175108
106596977 490175108
315634023 635723059

59961394 89018457
28561071 54145816
59961394 54145816

72427041 653377374
131176230 607790171
72427041 607790171

517747628 459797248
608413785 756898538
608413785 459797248

80978201 30146042
149798316 38664371
149798316 30146042

260655588 424268981
412776092 424268981
260655588 324972892

137806863 42999171
18258955 6499768
18258955 42999171

511702306 54496881
511702306 84420926
402370166 54496881

233090509 41356669
233090509 159126506
572660337 159126506

100661314 433925858
34341670 84353895
34341670 433925858

119259648 1100546
939819583 1100546
939819583 865691

153313173 585990365
610515435 585990365
610515435 174323385

467946188 107813133
467946188 356426809
477171088 107813133

780695789 709393585
780695789 499715481
491705403 709393585

752392755 474612400
549214422 314870260
549214422 474612400

120848385 843993369
411549677 296223274
411549677 843993369

0 1
0 0
1 0

6 1
6 0
2 1

49 0
68 2
68 0

330573318 56690263
330573318 603570493
35060062 603570493

959997302 107649160
402724286 485560281
402724286 107649160

169274578 158487239
169274578 894429690
194953866 158487239

177724267 8639737
177724267 270744730
221558441 270744730

114738098 7905772
114738098 690387
92977305 7905772

610120710 498777856
21583857 498777856
610120710 791698928

72075088 524872354
255179498 524872354
255179498 522532257

269455307 703964684
82950912 192099256
82950912 703964684

112805732 31061285
160051529 40332872
112805732 40332872

199620254 26773308
378409504 515530020
378409504 26773308

409959709 77486716
143347213 77486716
143347213 4297113

200747797 289700724
113403633 289700724
113403633 168002245

150122847 439493452
90155839 2269747
150122847 2269747

111537764 338888228
231192380 338888228
111537764 622597489

141527089 269441500
147469842 269441500
141527089 438792351

13628669 39237149
13628669 116087765
142757035 39237149

6321447 982275857
8936988 982275857
6321447 387346491

209098719 841148366
350322228 77985204
350322228 841148366

771151433 39636468
771151433 186452552
473165004 186452552

187594922 128448265
187594922 213975408
476153276 128448265

653468859 53539693
653468859 130794396
585567170 53539693

605908236 203599252
76065818 350573794
76065818 203599252

0 1
0 0
1 1
