25

7 8
6 6 6 5 7 7 5 4

10 7
9 2 8 5 2 2 3

8 9
7 3 3 5 8 7 6 4 5

9 7
3 7 5 4 5 9 9

7 9
4 6 3 1 1 6 5 4 4

99 96
11 9 47 88 36 38 40 90 30 50 9 90 27 44 44 16 95 64 67 23 66 7 17 12 86 71 58 56 69 78 46 74 26 47 61 73 54 24 34 30 19 26 66 24 37 49 1 9 25 22 51 46 35 55 47 43 48 19 37 29 43 23 54 53 42 20 6 50 29 15 17 2 44 28 27 41 9 37 37 12 6 14 22 4 18 18 18 13 9 2 18 6 22 1 8 21

91 92
3 28 19 27 53 54 61 34 14 75 30 79 60 90 84 33 11 91 51 73 60 36 35 59 44 17 10 25 51 70 60 66 55 31 53 52 20 58 51 27 34 6 65 85 23 59 11 23 80 31 32 18 69 14 69 73 13 12 32 68 59 3 50 3 26 13 8 48 60 19 44 38 30 33 54 30 37 39 23 37 41 28 8 45 23 30 42 29 30 40 5 5

93 97
75 73 61 44 11 46 9 82 60 35 16 40 32 21 64 92 64 46 29 51 89 60 2 43 64 82 59 9 85 89 32 48 4 21 21 54 76 81 6 7 68 91 91 46 36 74 25 14 68 8 26 56 12 67 17 77 62 23 51 28 50 67 3 57 62 51 43 17 52 12 19 42 40 59 1 30 32 12 13 25 46 51 12 13 6 21 11 42 4 20 39 18 39 39 33 10 17

96 96
24 93 16 1 40 21 77 95 43 61 74 12 77 23 25 92 84 52 96 92 48 84 26 57 41 40 61 73 8 80 4 94 29 2 63 73 49 32 10 89 58 94 5 50 46 3 29 86 1 13 79 22 95 88 17 32 94 92 3 17 53 47 42 83 77 2 42 3 88 75 75 44 94 34 92 58 21 75 10 90 45 12 32 37 49 19 25 35 40 28 93 92 27 21 90 88

92 92
92 59 50 59 41 3 2 60 51 26 11 80 44 3 87 38 10 12 9 63 76 77 66 3 29 17 82 67 61 28 49 77 33 47 59 28 18 44 20 61 15 4 49 18 62 58 7 5 36 18 37 26 34 11 54 8 50 39 51 49 2 11 5 14 26 43 7 16 17 39 9 20 36 29 8 5 7 4 8 5 13 19 6 16 12 20 6 18 14 7 6 9

97 97
38 96 79 23 89 12 54 90 34 54 49 56 3 84 60 71 26 78 41 73 52 64 51 12 61 14 41 65 42 1 52 17 65 4 45 48 19 33 26 14 51 22 28 19 41 45 33 8 23 12 47 33 15 39 29 1 7 27 23 11 24 14 11 5 25 14 17 21 20 14 24 8 1 7 23 13 12 7 6 1 18 9 12 12 13 12 4 5 2 5 3 6 5 2 3 2 1

97 91
41 45 63 78 25 33 92 2 95 41 94 8 7 69 97 3 9 7 1 68 97 28 67 38 97 73 96 48 83 82 20 81 61 48 79 71 18 43 19 7 12 81 61 20 35 63 52 21 8 28 73 20 67 41 49 62 36 58 20 54 8 12 4 35 18 41 33 8 3 21 33 51 8 49 4 18 9 45 32 16 37 39 38 28 24 31 25 2 29 3 15

93 92
29 68 17 25 50 93 16 91 87 72 38 5 19 37 75 7 81 27 25 76 20 61 11 16 10 73 63 43 27 22 68 27 51 66 50 10 24 9 34 10 2 34 24 4 48 7 43 15 16 12 36 41 37 40 8 3 11 41 8 3 16 26 36 12 1 20 8 4 6 29 24 21 25 12 18 3 2 8 18 10 11 10 4 5 12 13 10 3 8 6 5 7

97 95
14 82 57 47 6 10 66 60 39 28 94 51 82 76 82 63 67 30 36 18 47 49 66 71 4 69 4 96 50 61 30 54 80 36 52 83 77 11 38 40 14 93 34 20 75 84 67 50 97 96 9 94 10 92 40 27 7 55 54 56 2 23 54 63 1 47 47 37 65 66 41 24 24 56 61 45 48 59 65 15 10 2 33 62 30 60 45 38 54 4 22 2 23 12 52

97 91
45 44 59 69 50 14 46 7 11 32 24 56 76 26 10 83 32 60 86 24 55 83 22 56 2 51 15 46 7 56 32 67 70 17 68 25 61 83 75 23 80 6 48 58 62 69 26 2 84 93 30 6 22 93 56 84 29 81 8 87 3 29 43 67 65 67 29 20 57 12 77 59 38 40 72 29 13 28 42 67 3 13 30 48 13 20 60 14 58 53 9

989 985
488 916 281 953 382 653 99 263 14 549 53 512 38 399 296 717 417 798 732 317 513 731 191 217 593 768 489 366 727 692 377 344 715 198 209 691 473 581 656 892 142 537 217 551 335 55 124 397 303 831 841 214 761 895 2 572 562 423 918 153 323 811 163 362 884 424 124 198 723 311 200 553 10 518 537 861 437 104 756 497 802 580 793 19 511 151 831 710 424 967 478 151 287 627 133 203 272 985 263 683 646 293 56 277 584 832 205 668 199 154 466 77 162 931 870 775 981 614 522 239 482 19 973 798 148 393 581 244 191 800 249 77 527 665 686 294 599 776 457 628 622 170 30 27 953 294 660 974 455 385 328 411 208 40 739 61 846 831 515 844 773 220 686 758 960 422 167 607 592 128 144 895 640 497 58 637 452 864 348 822 801 61 982 510 159 565 53 227 282 493 707 122 362 558 293 238 776 520 742 594 560 643 4 522 110 431 480 385 46 388 148 404 448 401 840 457 348 5 845 527 922 328 533 85 627 125 832 458 206 123 338 984 486 309 843 324 881 856 142 884 772 909 834 1 566 842 64 921 9 266 889 614 785 145 779 338 699 631 753 829 285 881 86 610 945 818 950 603 166 965 915 703 871 785 97 609 124 373 571 317 417 91 13 258 209 131 632 817 418 142 724 459 308 772 348 243 757 498 669 171 188 224 475 375 194 579 122 397 352 948 500 172 881 22 690 472 636 304 447 693 173 905 847 488 947 757 777 263 672 777 57 697 122 386 700 874 507 684 945 557 302 425 430 356 158 129 667 901 537 815 162 585 903 933 540 292 725 110 241 726 365 378 73 652 96 222 498 777 545 734 277 928 206 829 631 797 752 424 445 420 895 161 249 439 585 559 878 57 737 512 430 441 110 925 124 3 405 88 99 170 907 371 962 552 91 683 354 761 446 154 711 711 478 401 623 108 887 664 184 618 366 575 246 431 738 960 66 118 34 359 901 49 914 668 475 105 148 175 871 516 966 506 902 526 952 55 76 773 713 286 379 281 860 474 567 616 374 984 539 667 85 78 662 944 757 741 690 596 607 818 487 30 534 287 743 908 896 886 872 256 808 140 391 450 616 627 861 686 699 621 597 35 830 910 533 863 545 316 687 445 590 924 186 324 636 383 471 531 959 977 310 582 424 374 925 905 270 978 444 944 134 441 197 510 54 111 755 167 978 694 978 295 678 744 651 810 37 500 12 883 977 870 355 934 646 409 509 451 462 340 113 238 363 243 120 781 82 787 62 929 523 401 697 986 490 765 623 438 638 931 93 624 4 559 837 509 89 295 890 715 982 959 439 645 392 304 228 784 176 902 691 978 305 289 48 407 346 217 716 553 451 20 323 622 54 95 185 807 554 635 976 47 135 975 586 523 915 48 714 744 758 170 829 880 692 579 696 392 248 821 48 783 6 643 742 964 290 456 185 696 848 315 231 988 662 485 21 716 663 480 739 549 234 216 74 600 446 393 833 896 977 703 901 258 85 468 408 486 470 517 620 265 508 369 520 228 504 108 901 656 405 183 672 22 871 379 670 375 488 3 811 306 198 96 224 136 20 132 268 688 199 278 656 92 399 377 168 160 634 913 169 3 751 453 244 781 739 510 248 49 388 565 186 366 311 277 534 667 253 35 483 866 761 812 749 189 231 65 802 246 692 202 27 738 589 403 831 804 423 289 607 61 251 653 341 583 437 73 66 241 547 144 143 393 515 63 511 493 6 236 414 761 752 716 871 677 665 691 114 796 194 130 694 750 721 30 313 152 125 253 88 274 28 95 839 615 775 650 31 375 543 798 708 283 305 209 80 101 156 340 617 487 263 611 187 710 305 96 343 339 222 688 664 318 116 37 625 302 109 544 440 260 513 485 587 550 673 112 416 69 181 543 709 156 374 461 633 236 590 404 89 551 268 257 574 60 602 325 435 81 786 355 409 742 387 522 578 450 205 720 692 461 131 773 461 145 269 541 742 730 586 478 234 555 235 715 410 469 561 433 617 86 107 753 454 339 239 242 384 376 663 222 548 117 258 458 718 610 644 263 382 690 563 268 47 731 559 202 729 711 670 192 525 363 243 329 608 671 122 168 507 282 661 262 311 504 46 468 703 442 390 15 423 447 491 497 594 177 234 284 476 601 7 503 468 331 330 469 161 587 555 562 280 355 617 62 680 28 191 504 577 164 360 556 672 399 617 299 668 174 573 524 643 196 346

973 985
509 249 362 668 321 917 423 947 258 5 387 806 234 350 859 388 523 874 891 45 759 322 279 489 846 928 5 907 155 97 581 696 181 409 157 546 847 76 497 599 841 119 653 871 609 700 265 58 594 615 873 760 506 507 738 208 151 853 736 728 635 637 762 41 293 236 842 922 256 82 201 742 417 833 407 285 171 251 203 35 682 299 407 286 357 294 665 565 310 582 882 169 37 628 467 238 129 759 749 267 242 59 553 80 483 926 431 924 742 786 434 387 82 266 826 74 460 213 794 474 270 299 485 671 663 674 721 898 242 128 851 905 187 406 927 262 230 884 477 109 358 631 870 838 306 777 16 809 8 285 532 340 786 966 166 579 164 622 534 295 792 970 26 917 569 578 84 648 378 781 84 707 654 433 50 23 967 920 661 540 252 104 885 703 1 965 535 924 303 919 511 511 917 335 719 586 382 264 715 950 469 369 834 429 728 817 739 969 806 72 731 553 33 276 380 174 683 631 242 346 962 784 264 941 433 296 681 55 826 110 621 214 306 733 230 426 958 257 409 518 605 67 867 116 258 965 212 183 518 963 910 341 482 809 204 397 204 639 191 770 422 537 761 650 67 148 536 568 590 658 438 514 287 117 149 238 286 624 801 86 685 775 740 78 623 647 483 71 636 358 101 546 840 244 451 432 261 360 439 114 206 801 117 545 794 325 441 370 825 78 925 584 21 279 103 393 213 574 594 282 330 522 235 379 743 7 781 300 546 421 324 647 208 39 308 393 899 124 706 865 346 162 619 700 104 172 826 525 745 314 357 191 298 732 71 388 292 715 401 760 609 807 380 399 322 306 447 355 194 399 421 600 353 564 860 69 453 185 207 427 369 567 418 433 523 482 161 108 330 476 194 289 712 389 153 467 664 494 718 422 753 17 639 437 348 471 158 754 338 421 638 308 647 633 598 390 102 308 286 401 421 457 226 16 582 397 725 808 779 644 654 742 410 122 226 353 275 725 522 406 467 217 709 224 102 492 416 273 377 783 16 625 200 127 194 132 290 253 147 618 517 351 108 294 237 141 507 406 278 105 115 376 754 680 711 583 171 266 631 692 379 378 172 255 414 451 19 465 731 470 94 108 204 593 664 259 377 322 417 736 345 500 23 174 408 33 613 681 523 36 266 80 478 494 108 324 690 274 311 90 207 114 598 413 591 148 402 644 95 559 227 583 37 11 324 251 676 216 352 186 466 12 114 611 238 514 102 614 167 426 370 92 389 393 450 668 624 204 21 2 81 269 39 479 380 332 161 661 370 318 89 145 55 543 188 101 17 504 128 14 261 202 541 470 69 481 536 93 74 314 621 15 243 364 523 402 318 59 22 88 138 542 568 17 117 292 135 359 308 309 131 13 363 516 232 553 360 223 236 206 349 359 241 151 373 507 43 53 134 519 467 285 590 378 535 183 559 420 292 335 24 421 324 522 38 542 556 148 252 428 321 220 194 339 265 45 340 307 538 200 97 355 422 326 147 570 496 185 84 503 535 287 473 401 112 140 74 427 378 428 260 15 94 275 195 109 179 297 74 302 342 128 230 487 174 412 521 503 257 396 495 94 498 266 29 151 363 307 528 36 319 113 514 309 304 86 249 283 12 393 497 404 248 246 254 176 436 497 361 1 239 268 61 414 208 112 51 394 386 71 177 156 272 185 442 370 194 472 15 380 205 225 239 170 327 237 281 132 395 129 443 311 377 248 263 338 211 283 177 191 55 60 87 305 404 76 21 421 305 347 295 350 289 307 412 143 342 376 351 15 361 424 308 273 439 105 332 111 148 234 344 162 291 35 43 271 263 214 412 304 299 88 7 261 11 373 233 173 20 283 72 183 12 295 22 336 36 67 245 177 329 209 148 336 340 157 280 61 379 77 349 233 27 231 84 131 286 22 115 141 284 233 199 98 75 304 328 355 174 76 44 345 264 353 19 228 286 135 31 301 118 331 286 226 217 19 98 191 252 197 83 347 268 39 34 203 154 63 318 230 61 220 291 122 291 69 219 265 99 330 184 122 62 100 214 62 163 144 4 6 153 151 169 200 49 61 56 6 72 207 188 11 271 223 279 178 227 125 122 303 131 61 82 201 217 275 28 110 76 285 73 99 125 127 235 10 229 29 107 87 211 275 96 205 75 76 238 196 229 201 27 188 17 105 92 190 177 112 1 199 263 232 96 82 57 83 58 106 179 220 107 245 66 118 238

992 993
631 66 101 575 726 874 885 371 14 858 291 134 339 751 337 281 527 711 507 830 391 547 464 195 347 443 600 497 607 749 461 656 458 509 932 301 220 971 157 652 197 939 914 812 539 697 404 728 151 377 817 21 222 553 313 122 754 646 933 98 583 713 86 251 750 409 223 249 553 140 245 827 898 64 278 670 744 860 924 192 419 776 747 573 513 839 380 639 936 604 417 282 905 136 575 114 270 223 838 450 632 732 142 6 834 518 818 105 654 850 815 947 472 948 877 314 112 771 743 686 329 5 566 517 847 209 141 80 117 656 952 857 686 476 480 725 102 686 261 124 983 157 274 760 905 609 823 279 285 286 332 836 893 213 608 754 697 201 867 863 883 991 624 607 423 212 13 169 570 898 109 414 421 693 309 120 800 558 790 863 734 647 731 914 381 979 596 40 583 127 331 161 397 905 457 488 580 275 872 223 486 161 754 922 402 545 873 983 349 755 224 635 263 352 945 589 258 461 737 751 24 13 589 659 198 636 522 803 429 832 433 972 5 343 233 609 5 125 633 146 896 470 405 563 823 819 609 301 46 449 612 420 590 541 137 961 717 774 828 772 988 945 548 445 256 537 679 837 245 880 150 128 158 346 237 741 781 834 213 268 309 101 403 855 967 97 602 689 138 762 643 72 708 185 433 865 167 456 813 516 82 96 516 473 86 596 842 473 863 363 184 878 758 238 200 378 218 148 510 651 30 696 957 953 281 644 307 567 636 898 86 143 632 645 130 626 394 84 681 4 579 370 137 60 485 205 232 225 685 165 107 674 594 652 464 556 518 88 522 19 459 835 157 729 659 227 387 291 400 374 908 806 669 342 560 226 108 172 264 434 603 214 232 151 362 771 295 849 392 142 516 466 846 791 506 793 607 339 141 13 580 632 608 207 77 655 491 396 699 161 607 215 487 158 703 17 188 489 449 472 506 353 393 741 339 201 6 70 326 660 812 705 653 180 136 843 453 33 22 244 583 188 834 265 818 707 283 340 31 229 631 30 350 243 300 440 446 424 520 283 124 777 84 711 616 517 118 662 441 287 794 709 9 532 719 756 758 144 447 350 326 666 236 29 781 432 410 656 665 177 593 632 762 518 631 195 385 218 23 84 741 739 386 93 225 359 413 409 3 634 375 326 311 539 332 103 291 614 677 257 59 727 188 196 534 165 124 691 247 250 459 529 623 192 556 477 125 434 287 302 421 487 258 466 8 648 141 186 496 562 28 526 347 362 170 723 722 251 605 468 270 237 195 203 465 186 181 72 565 360 25 428 276 533 417 444 691 206 215 48 282 106 179 682 52 272 161 322 590 456 687 570 487 73 64 576 235 681 532 390 276 591 401 618 45 86 103 641 198 487 472 623 249 522 15 307 644 644 646 529 433 449 566 538 420 121 19 290 569 28 392 512 525 108 272 125 74 633 259 320 456 88 139 346 163 604 329 150 121 56 252 220 208 417 150 328 382 467 317 605 332 588 360 223 47 265 320 336 460 114 505 363 302 600 291 401 371 86 305 241 89 406 271 240 117 353 118 23 430 322 516 102 240 482 173 345 130 499 534 482 68 109 203 113 407 230 274 436 11 296 89 263 538 232 154 334 535 200 255 44 250 190 363 55 17 140 285 380 72 469 38 279 467 490 289 413 358 388 479 170 517 368 108 333 445 119 294 211 209 347 77 5 16 507 317 312 489 214 210 234 175 286 30 62 163 388 73 43 156 459 419 425 61 10 70 472 239 264 36 13 406 461 126 492 478 56 208 382 37 452 77 141 3 100 239 194 123 114 401 246 226 16 295 191 139 391 79 441 180 432 223 238 19 59 359 288 168 101 58 203 409 164 154 263 406 317 258 28 412 330 61 211 255 328 100 266 43 410 303 260 225 308 16 115 206 195 141 412 278 283 99 271 394 320 117 297 346 299 171 352 332 220 130 166 208 392 295 229 3 91 355 95 234 348 80 342 157 301 78 95 383 6 295 353 263 67 112 147 193 90 332 149 178 358 240 296 262 338 200 98 103 292 369 330 318 56 191 228 310 139 256 284 357 82 282 161 292 319 194 335 167 336 163 37 157 315 15 164 144 202 27 161 309 108 211 21 76 325 328 331 326 257 154 179 298 10 224 109 84 149 290 113 266 165 79 305 9 58 75 248 104 243 14 286 252 21 254 114 1 85 85 66 90 284 53 23 27 227 82 39 129 74 183 257 152 40 143 127 190 36 137 139 18

977 974
739 474 225 327 266 388 845 524 35 22 748 112 343 260 155 649 666 787 323 829 49 842 679 114 117 316 776 859 120 801 283 692 900 462 652 622 346 536 642 735 60 592 950 345 5 44 34 718 44 870 236 449 717 546 569 789 719 349 142 184 818 657 133 397 328 189 137 349 119 691 61 966 112 247 608 478 605 672 251 750 715 671 900 840 741 506 659 652 657 851 853 302 382 138 421 204 639 630 556 130 388 439 361 385 772 310 8 668 907 727 644 335 575 223 26 652 748 201 77 219 71 333 942 900 384 661 485 740 795 808 399 701 760 62 224 667 611 565 716 748 136 674 1 253 906 411 12 196 813 257 149 633 439 942 128 69 475 762 222 128 561 488 966 839 395 245 769 768 654 378 921 545 520 808 616 740 319 764 343 223 472 512 623 384 216 662 507 137 37 160 353 478 498 85 733 403 294 604 789 368 407 633 475 583 197 79 46 748 482 89 35 541 815 908 415 236 477 850 171 32 573 703 268 897 159 730 419 357 538 87 609 17 909 301 73 546 921 867 390 977 725 702 454 884 271 22 972 289 82 281 686 670 150 50 41 237 168 495 552 453 628 868 975 914 20 817 374 515 738 775 717 509 608 402 271 30 203 833 975 698 315 530 340 891 777 473 828 443 595 898 765 243 309 714 602 390 757 286 817 168 737 389 935 872 841 13 230 827 680 191 108 87 673 391 433 206 583 640 150 574 778 474 541 685 843 792 555 647 683 156 911 568 705 359 168 912 163 438 467 473 593 515 733 413 5 6 483 755 120 16 152 211 517 600 961 82 874 390 564 49 591 843 51 540 322 828 675 192 349 151 844 371 41 40 154 838 514 356 133 300 197 64 902 211 923 250 408 67 193 237 98 579 309 142 681 913 12 356 747 471 923 551 817 607 103 817 665 743 641 965 537 319 547 277 342 273 801 174 267 44 275 798 422 558 248 134 538 887 499 191 364 772 803 758 793 870 115 34 426 364 353 879 719 752 167 257 297 924 344 643 433 586 635 455 821 848 8 760 512 664 22 731 823 717 755 189 30 760 149 301 726 577 336 830 894 867 677 855 799 293 97 485 744 3 525 721 675 327 518 905 688 776 644 562 899 408 361 865 309 965 929 773 533 897 7 257 167 766 236 781 385 198 89 836 174 244 23 283 82 374 861 147 603 693 256 488 89 842 34 937 294 727 848 779 22 782 609 220 288 199 590 308 140 788 964 894 262 528 406 650 176 247 749 609 769 465 812 429 203 666 195 357 482 626 428 181 921 216 251 705 340 470 415 897 660 304 466 735 856 870 285 547 277 432 29 744 317 847 605 279 907 745 813 177 319 764 311 209 626 287 242 223 904 610 28 680 872 598 303 696 33 954 303 374 211 539 543 307 51 605 128 188 410 748 255 895 794 859 492 503 508 833 621 849 932 477 672 586 911 199 413 536 546 840 767 129 562 769 309 337 693 611 740 715 763 841 219 186 218 325 83 620 742 320 839 130 167 541 799 195 72 622 260 271 397 632 884 487 192 303 292 210 894 505 130 691 164 281 774 75 11 75 166 556 450 890 492 867 818 83 99 864 714 331 377 797 548 663 263 635 177 274 291 878 185 876 891 891 276 100 766 721 666 90 49 719 759 417 334 513 405 61 184 690 5 486 512 302 333 531 341 592 676 729 739 174 222 285 473 670 539 447 757 246 436 811 287 188 499 375 460 227 221 12 630 119 173 605 304 680 39 331 589 156 252 246 159 344 344 191 339 559 741 782 697 517 109 346 271 7 470 467 636 103 497 680 119 673 489 66 401 259 732 288 65 285 707 331 89 684 658 279 345 25 436 611 608 41 755 734 236 640 785 354 26 681 261 760 302 286 499 48 679 753 390 189 378 264 49 541 295 253 249 377 130 260 503 445 206 532 347 640 337 622 614 137 251 420 217 469 316 386 251 50 272 649 465 709 354 670 288 59 367 309 533 98 216 92 489 494 92 9 394 491 184 380 161 417 100 123 497 544 223 41 440 557 598 412 374 404 254 706 673 74 32 676 701 645 346 688 1 295 240 119 33 585 605 477 486 546 69 317 137 216 129 412 185 619 244 164 279 137 585 489 532 145 394 446 263 611 649 117 552 646 471 187 402 176 178 106 231 145 416 654 104 125 286 98 38 591 526 136 82 160 98 44 323 277 406 160 181 115 583 488

996 992
472 740 459 406 567 185 471 228 639 203 667 815 85 751 160 463 869 890 214 143 239 980 920 264 227 350 97 560 821 628 324 714 477 406 606 918 185 213 21 192 487 711 140 983 949 843 400 169 750 469 202 139 406 578 133 669 524 514 8 834 871 24 923 177 493 75 147 802 861 366 799 969 731 375 434 777 242 208 11 447 704 287 173 265 14 85 187 862 774 964 326 864 522 345 468 107 189 104 532 981 850 245 693 131 342 928 778 83 877 277 917 274 365 742 795 356 36 482 533 838 276 613 91 943 519 211 140 920 161 513 756 347 476 63 520 337 293 619 178 290 826 273 263 843 847 601 850 214 354 357 946 719 574 469 773 319 686 238 314 597 109 287 404 87 322 426 950 616 455 381 24 552 274 57 883 878 923 590 195 980 376 154 229 936 996 847 511 225 343 260 39 645 252 283 596 765 974 603 193 165 750 165 959 184 668 286 161 300 27 211 809 565 918 313 460 579 665 766 739 761 364 285 651 867 23 368 410 190 842 449 893 313 763 453 261 780 945 533 110 967 104 343 907 342 816 93 330 563 197 517 275 201 140 957 68 301 642 178 651 675 552 871 931 204 755 53 928 363 851 537 42 88 262 489 54 86 919 370 32 520 435 764 371 131 835 315 675 715 183 420 276 88 306 320 68 927 300 651 659 63 13 804 993 425 231 105 845 961 85 191 913 167 700 636 529 192 544 741 572 49 548 119 259 531 313 119 292 573 547 462 14 791 210 306 783 234 325 494 29 457 714 448 77 533 37 424 542 605 813 916 269 266 111 3 19 529 140 428 571 565 631 364 771 206 402 362 206 763 787 224 617 373 821 105 749 49 697 40 381 764 336 164 659 173 255 73 151 798 479 188 351 844 686 742 454 686 628 722 711 201 629 15 588 386 318 887 963 569 841 604 283 900 503 432 742 681 473 927 334 537 482 817 539 662 683 400 134 37 26 934 689 802 508 240 490 205 782 755 271 696 32 110 205 432 650 135 946 718 294 528 438 407 782 296 256 524 794 833 919 948 789 830 468 417 951 880 938 441 418 475 57 747 574 412 352 937 396 824 284 903 259 814 966 649 903 901 928 683 344 654 808 341 939 756 124 405 188 700 66 334 362 763 950 400 580 753 843 638 726 99 956 622 937 634 333 386 698 302 739 943 897 326 651 932 855 109 831 675 4 674 648 5 463 583 823 77 564 432 150 884 494 114 904 812 880 148 134 565 33 282 136 666 262 137 660 492 692 907 891 665 421 913 928 883 528 822 621 832 718 44 474 218 79 920 825 520 619 979 774 766 515 503 669 664 958 550 139 584 82 668 94 823 66 503 908 340 27 992 82 304 421 40 433 646 892 517 1 287 602 519 482 610 941 350 384 840 848 318 985 312 493 600 760 980 241 572 252 354 39 820 963 964 740 229 851 410 948 607 186 158 23 896 845 623 224 943 345 202 440 307 81 128 230 460 462 170 650 195 372 505 183 896 652 497 359 468 695 728 120 787 573 173 361 547 398 962 504 491 664 838 986 307 430 688 991 971 762 364 455 23 562 763 163 371 745 143 136 203 624 371 721 431 151 78 975 152 97 561 253 263 283 402 422 157 748 656 116 494 811 810 275 155 379 541 464 285 349 146 513 84 721 51 794 949 343 946 742 917 764 388 788 715 506 230 717 134 533 369 985 243 520 73 151 245 743 151 690 942 528 778 762 423 218 87 220 324 709 781 202 981 683 169 419 499 884 713 967 588 373 483 706 730 576 789 726 81 65 19 826 756 473 79 565 692 662 728 272 497 557 768 786 866 250 684 197 42 894 757 753 744 926 233 853 290 610 669 640 995 173 892 660 357 195 891 318 579 66 178 117 449 954 140 892 676 942 972 426 117 451 11 580 26 94 343 592 216 764 262 11 299 933 676 922 867 264 773 15 455 529 607 437 348 647 467 571 566 569 348 909 229 540 619 936 67 838 851 230 134 486 850 767 644 569 310 760 20 185 596 685 658 288 517 581 748 840 880 156 298 664 376 659 291 876 849 335 908 269 238 298 903 484 853 825 895 440 125 838 360 488 137 747 683 797 336 504 337 369 303 19 138 196 19 615 647 878 386 597 465 429 767 259 214 807 313 700 241 703 287 444 222 682 450 404 120 858 638 374 590 688 690 26 176 129 672 628 364 650 83 90 511 167 808 24 622 121 343 547 677 802 395 199 260 387 514 527 827 714 306 457 210 230 723

986 981
200 452 957 440 338 23 71 28 881 541 577 850 149 443 592 130 644 288 492 904 333 576 495 935 75 132 169 362 475 280 362 843 93 516 924 275 897 609 976 921 343 847 552 581 314 927 924 563 386 760 758 834 814 333 302 850 685 654 198 943 808 601 283 359 365 328 410 53 392 189 703 281 728 230 774 335 200 712 346 312 923 963 872 954 58 102 597 981 375 880 695 632 710 798 213 876 161 664 676 334 978 900 608 786 383 2 326 160 474 91 783 931 902 377 531 423 225 9 864 757 321 743 830 251 896 75 517 808 346 727 678 358 509 486 85 151 324 6 233 360 769 973 548 290 683 291 57 974 531 850 349 595 352 467 462 741 111 717 11 67 42 258 755 856 599 76 884 723 976 430 85 918 70 554 516 148 985 925 250 721 642 279 69 35 761 611 913 754 337 555 985 794 725 757 968 598 760 147 947 838 484 266 681 650 975 316 391 767 604 335 746 594 324 950 369 674 2 269 366 869 580 803 622 25 925 680 161 332 219 628 575 64 202 570 143 862 841 82 307 686 831 725 295 616 786 904 211 776 160 38 466 180 974 451 366 397 954 888 924 698 414 871 5 720 286 603 67 692 499 139 331 696 130 56 519 365 223 417 56 648 35 335 934 550 223 715 540 85 827 568 818 890 693 918 888 390 489 102 140 856 322 428 556 92 269 795 328 288 402 610 962 536 121 303 977 404 204 950 864 532 303 920 958 235 223 204 875 527 279 659 984 815 874 222 54 348 323 238 102 96 525 686 763 781 464 870 617 950 422 79 857 811 145 978 335 414 106 433 436 518 821 633 184 727 630 485 702 515 315 925 431 129 613 157 968 243 77 574 628 266 89 515 164 882 298 958 242 727 857 527 329 735 546 62 807 810 650 315 585 110 757 749 71 345 355 745 463 117 7 570 315 386 586 330 958 805 642 415 439 570 445 255 821 877 446 89 939 816 117 257 721 820 737 881 690 746 220 596 775 410 211 914 289 241 919 877 94 700 957 814 684 883 957 5 384 281 744 310 823 525 238 789 703 858 176 745 507 970 912 261 628 259 222 841 230 967 142 575 941 309 508 951 270 39 264 232 234 379 598 221 225 592 388 754 369 717 893 461 429 176 327 358 609 484 432 965 355 462 119 421 267 844 226 725 126 180 256 637 515 827 18 24 253 749 216 662 318 136 222 748 899 118 82 348 49 113 557 308 234 384 915 762 115 497 364 827 458 889 203 212 9 741 300 706 785 847 65 189 207 734 354 804 220 492 611 779 820 505 154 979 458 593 419 436 259 25 454 734 713 218 448 158 57 953 757 881 716 762 568 784 203 557 310 34 154 321 709 215 780 100 731 175 415 280 551 141 625 98 304 394 300 390 933 566 167 733 395 259 851 243 243 497 818 663 682 823 941 843 259 309 343 141 278 28 12 962 41 27 370 111 701 232 350 327 578 482 81 765 20 729 722 639 461 643 645 395 182 37 571 250 903 19 436 929 154 924 28 832 517 378 101 319 292 292 429 96 651 351 852 10 512 639 239 296 677 757 512 975 258 443 651 765 985 253 407 567 886 550 937 868 809 118 583 906 595 800 910 83 401 361 940 608 569 148 862 611 737 149 93 145 241 527 219 886 436 865 647 913 541 45 182 961 260 345 91 102 614 874 945 845 420 338 512 84 183 80 459 634 879 225 58 144 763 724 197 534 256 627 928 731 96 63 894 240 915 494 370 372 216 610 457 788 161 854 231 388 896 539 380 533 385 30 651 208 124 821 238 89 933 585 60 378 149 668 346 795 418 232 724 347 410 965 19 429 821 858 59 307 407 497 421 360 121 61 251 938 23 50 402 326 482 946 739 70 940 956 36 680 772 21 346 157 787 478 258 844 748 918 522 850 689 342 231 226 475 214 779 425 596 963 547 598 139 687 744 394 691 79 694 579 20 624 553 42 673 844 725 158 73 461 189 565 833 128 916 769 819 619 273 83 304 928 44 752 739 938 161 143 674 755 289 986 780 308 648 958 795 383 62 592 485 982 474 849 597 962 550 503 254 807 320 652 911 127 690 397 282 341 965 355 958 75 97 371 152 781 460 950 700 663 673 64 889 725 519 673 948 560 702 660 172 406 19 106 598 213 397 377 841 194 471 285 201 616 866 615 272 389 142 870 728 136 902 409 371 486 418 888 915 900 79 912 866 342 631 282 835 888 267 316 403

997 989
322 957 26 217 645 259 36 791 357 220 141 453 713 579 765 641 512 621 765 643 495 198 963 728 410 63 967 720 937 900 24 762 383 147 382 779 311 523 35 296 638 575 455 539 46 859 602 849 387 996 323 886 34 158 899 161 599 158 363 647 412 34 72 702 804 190 514 358 381 570 36 392 201 716 759 356 555 238 175 897 474 609 312 322 751 442 306 949 530 926 48 944 190 273 254 712 854 600 123 124 598 350 493 421 939 156 299 97 366 870 356 434 794 534 179 450 416 165 673 851 975 907 736 975 248 270 636 236 655 574 519 265 505 8 769 96 660 363 891 90 672 367 821 337 553 202 648 474 455 620 420 279 512 501 63 583 513 801 706 942 873 326 9 789 363 119 759 321 779 958 961 182 327 929 487 126 917 755 557 272 757 881 796 143 335 728 970 371 535 561 960 764 85 513 954 924 640 664 858 570 212 548 808 102 510 440 621 836 143 845 51 795 683 982 749 794 837 503 432 467 637 903 114 889 996 843 299 1 302 897 798 613 108 982 105 644 638 764 703 49 626 334 120 18 673 932 874 916 764 149 302 514 792 659 502 740 275 685 860 601 919 716 218 279 704 692 388 102 183 241 921 976 985 550 581 966 383 670 794 712 894 769 985 727 527 841 375 324 366 786 29 976 605 839 561 263 154 346 837 471 594 110 864 88 674 995 526 653 3 610 513 471 353 108 75 730 282 569 245 691 215 233 176 986 34 799 92 458 142 907 583 781 953 9 553 692 575 699 749 120 149 202 53 230 470 65 209 338 235 299 861 760 722 754 21 549 634 584 318 421 403 452 494 521 228 412 100 769 897 815 754 120 906 723 549 691 205 797 647 242 119 913 325 768 244 656 362 586 396 374 736 243 983 709 708 859 287 695 151 414 106 118 693 771 636 663 110 863 376 456 5 273 321 504 927 456 309 567 259 989 754 948 717 49 202 520 744 138 146 588 912 248 706 807 796 565 430 688 75 679 126 552 395 478 64 131 674 652 893 731 747 213 288 27 220 483 901 476 383 440 221 505 514 398 221 164 701 580 434 88 472 391 835 477 753 156 171 722 266 602 78 808 6 891 164 158 362 928 991 910 799 820 305 935 64 849 397 736 689 581 156 466 152 336 435 508 430 736 126 927 138 955 764 308 429 532 924 239 882 569 748 319 320 663 617 496 956 28 863 585 392 50 920 10 901 133 773 873 728 955 493 534 412 938 598 441 728 872 104 780 880 913 545 629 354 840 45 936 863 25 472 93 640 805 581 726 939 187 414 552 770 545 164 109 544 241 69 23 901 327 710 672 30 803 442 377 658 542 55 111 337 651 789 136 45 836 211 354 98 72 821 494 833 118 739 419 666 29 132 447 720 187 584 831 720 21 238 796 296 30 215 553 20 767 678 268 237 765 522 551 465 218 533 790 574 611 780 698 344 447 640 378 399 130 581 861 543 255 733 85 806 619 464 160 702 124 370 290 50 211 31 453 617 269 562 300 715 39 137 140 465 569 626 221 272 256 82 692 481 330 17 769 704 619 789 408 568 811 577 22 157 692 38 405 504 603 297 4 286 307 517 792 349 579 711 454 582 498 169 356 389 582 5 774 31 620 129 331 689 258 387 9 275 614 664 602 707 503 335 458 349 588 308 330 185 411 317 142 767 266 225 509 107 88 610 345 274 429 237 198 411 196 306 246 284 550 749 469 119 408 187 578 517 419 448 165 207 213 232 609 36 427 291 298 583 675 701 274 118 701 572 93 372 598 587 9 198 330 118 169 307 42 326 653 541 636 409 96 68 120 46 168 127 182 77 28 641 678 99 273 294 416 469 477 43 250 205 632 75 216 353 189 683 49 474 317 677 500 269 346 605 480 457 554 328 244 203 137 370 92 255 26 78 190 237 276 2 603 317 349 397 52 460 495 269 114 233 328 281 8 512 298 278 299 572 347 165 108 202 505 255 89 623 544 380 55 412 375 559 423 269 111 8 472 372 128 349 590 292 218 486 382 75 529 611 213 71 580 103 424 342 232 30 223 89 139 514 518 464 274 300 580 541 341 365 318 165 443 382 513 39 415 189 302 359 257 197 142 401 533 57 53 475 568 240 487 204 381 313 368 103 82 119 460 372 379 126 81 231 392 190 382 5 506 72 548 393 180 305 262 499 63 501 103 155 437 450 339 175 357 115 146 219 351 158 502 506 222 428 405 260 156 50 336 177 112 371 44 455

994 979
491 130 977 291 41 739 779 990 917 83 459 430 224 895 605 496 664 844 117 468 954 491 460 748 660 242 936 810 788 662 717 181 444 587 550 719 350 241 399 373 723 215 890 656 597 557 972 518 670 399 647 163 759 747 390 833 102 750 462 538 514 738 984 805 563 396 242 6 371 581 388 875 71 949 672 713 478 657 390 557 496 226 825 959 663 738 490 337 727 363 467 141 982 141 803 715 232 493 859 917 655 987 968 660 68 859 849 993 143 410 356 249 284 115 257 704 633 30 767 303 580 578 768 118 576 805 664 87 477 259 63 890 351 644 565 353 333 479 746 367 464 628 954 47 862 217 65 474 294 187 425 941 774 79 940 615 527 333 847 980 503 784 5 373 260 540 177 933 242 388 537 649 649 639 374 508 477 469 824 374 760 593 74 189 176 883 459 456 510 887 966 474 896 785 244 850 405 917 827 981 703 993 126 511 308 169 280 56 916 467 253 945 641 309 667 9 615 549 38 496 601 685 469 136 989 605 89 336 867 942 698 598 240 134 717 908 248 142 166 559 703 620 350 133 861 775 628 256 405 459 584 761 545 656 571 874 71 942 752 334 191 381 305 514 772 47 880 643 561 695 49 191 530 144 597 246 532 356 331 514 810 31 259 165 961 781 83 776 303 857 936 125 14 335 174 987 611 101 662 930 61 830 151 621 827 548 899 184 730 554 788 396 740 434 300 867 203 76 249 465 648 200 529 769 637 801 334 97 541 368 261 70 702 461 100 677 274 267 719 472 467 846 753 753 258 802 121 33 144 377 771 572 96 83 661 435 595 486 218 241 468 319 726 790 263 306 778 485 641 203 61 747 870 180 481 108 109 972 514 457 150 600 969 722 440 600 369 586 626 618 134 601 216 454 486 459 692 269 723 489 962 272 736 823 941 268 419 82 531 916 306 65 103 666 269 169 249 918 711 849 947 815 837 399 130 72 607 18 561 5 636 120 713 241 264 1 738 941 561 30 890 78 517 171 485 499 260 567 913 717 325 870 193 57 5 469 783 581 419 516 713 532 798 804 250 44 154 41 124 303 159 120 440 189 499 867 205 191 659 794 92 487 299 243 467 529 353 54 343 770 154 779 298 431 103 420 349 58 215 744 80 526 815 436 220 833 163 369 339 368 464 98 869 313 436 183 381 332 211 18 39 810 696 288 718 333 550 435 688 852 375 637 125 483 631 231 78 640 155 469 432 619 179 44 86 552 439 555 450 585 12 188 475 782 174 308 114 824 239 395 802 710 399 177 677 428 646 109 413 719 402 499 336 51 280 130 104 109 594 347 745 400 540 151 540 288 730 106 131 53 384 171 711 509 7 680 618 593 143 168 303 215 412 307 671 186 46 115 215 657 771 460 372 592 152 616 524 615 77 309 302 251 408 504 553 714 39 665 434 136 337 415 674 518 220 233 512 708 95 32 585 47 715 227 601 485 228 387 658 447 64 155 2 573 551 570 368 638 271 643 638 69 32 294 589 666 108 137 194 551 71 630 28 548 114 115 133 677 704 372 569 518 323 131 518 383 37 150 364 470 613 678 349 464 324 463 127 284 357 641 652 185 634 428 150 606 269 535 545 433 467 476 389 61 357 468 30 311 31 378 317 246 310 49 140 122 458 289 116 185 643 160 378 256 484 375 597 226 322 8 196 1 428 39 3 623 452 321 580 532 470 535 459 241 470 378 294 562 2 259 587 576 309 451 150 97 245 232 211 324 158 484 141 608 18 45 15 89 129 444 172 575 262 587 164 443 420 591 377 323 390 24 20 548 81 434 492 212 269 429 516 418 329 8 422 27 9 75 272 279 269 312 1 553 375 394 68 317 491 107 84 402 391 397 217 201 488 232 288 93 134 285 351 243 47 190 234 220 34 184 441 5 346 143 350 411 181 89 159 13 107 162 138 284 523 189 81 301 387 235 438 430 166 92 513 374 446 378 8 265 32 101 205 309 27 477 331 412 116 224 174 462 474 102 477 404 422 159 159 99 183 362 314 229 130 436 320 32 144 476 206 269 383 229 417 11 380 232 62 176 2 36 61 389 303 246 330 281 93 124 320 407 214 270 189 90 164 269 17 447 76 223 147 42 87 354 336 117 375 138 354 237 437 109 124 168 136 121 79 292 294 71 157 75 89 299 242 203 396 191 120 379 296 387 65 33 117 181 235 159 182 186 46 30 121 130 215 356 299

988 975
587 930 760 556 587 616 423 945 897 671 775 488 987 681 121 52 306 688 619 250 251 407 319 921 381 918 524 187 944 642 168 152 10 619 301 679 169 465 699 702 101 854 807 744 48 968 824 448 213 607 375 193 446 593 131 375 756 456 22 874 382 703 291 438 43 690 596 314 524 596 461 208 187 558 913 322 100 509 596 457 770 840 714 949 422 415 700 11 203 722 865 701 935 261 287 281 372 877 94 874 62 930 931 159 541 894 637 900 245 639 672 299 891 760 678 406 377 247 311 522 507 410 343 711 903 860 705 325 342 245 129 583 162 525 817 979 480 863 840 32 652 215 773 187 5 934 909 383 192 845 325 943 53 518 929 431 981 792 79 164 183 834 908 618 480 962 700 737 721 336 939 698 585 872 824 790 427 371 823 684 840 537 64 385 262 197 726 145 590 104 264 865 766 773 401 97 119 774 770 63 815 433 595 692 68 739 512 130 897 813 621 40 51 973 117 472 61 128 917 10 79 498 899 67 811 741 343 193 195 611 432 172 135 440 572 644 944 563 404 915 768 524 159 864 42 279 874 363 39 202 691 320 363 324 533 579 597 345 298 917 433 460 176 397 382 646 515 645 666 674 432 22 699 260 545 714 845 937 192 975 159 428 945 556 644 791 647 978 965 821 355 720 604 847 388 969 110 645 774 825 611 34 67 859 455 840 714 282 146 9 742 931 979 511 761 826 207 73 886 100 432 346 667 741 531 839 541 374 42 749 100 589 579 855 151 935 202 245 252 947 970 479 421 89 86 372 164 8 441 348 501 646 619 86 877 780 152 64 172 444 704 71 783 47 835 541 759 936 837 6 936 838 637 808 389 615 176 872 893 740 532 550 405 548 800 865 957 31 18 706 293 462 820 565 806 612 261 953 657 208 938 559 281 439 153 971 876 288 935 864 561 740 322 626 130 589 319 876 627 13 787 877 417 858 701 858 415 179 848 384 953 408 529 717 49 166 872 554 103 79 597 309 947 289 825 572 24 550 296 728 87 763 627 804 57 396 186 127 382 344 394 271 846 512 126 705 737 53 417 929 135 969 495 23 104 212 510 19 65 603 254 798 708 591 609 847 562 599 909 123 193 415 214 99 866 236 682 340 330 621 30 63 696 250 145 908 87 722 143 779 49 675 450 424 263 595 437 23 732 382 753 433 268 925 759 8 507 910 306 971 844 397 49 507 458 897 198 46 326 14 164 34 732 913 616 175 640 515 225 502 954 965 417 490 451 14 773 121 167 347 230 146 203 123 106 231 713 77 879 671 169 926 709 918 962 543 113 441 502 413 200 325 760 61 780 415 252 634 64 935 401 401 666 527 711 422 513 814 29 356 880 280 867 466 849 766 863 616 173 495 747 579 349 679 721 317 544 713 562 498 609 51 781 217 415 241 313 430 138 726 357 280 937 50 701 722 724 683 203 199 83 761 391 188 394 743 63 3 443 569 621 77 539 357 105 229 455 976 743 675 709 425 196 736 139 528 96 803 302 471 768 747 260 361 523 496 295 390 585 260 734 29 743 177 54 340 578 332 276 258 255 87 136 284 951 717 415 165 569 577 584 771 220 886 539 695 583 309 102 123 899 585 810 857 2 798 35 897 433 61 926 153 605 398 94 67 601 471 216 276 864 263 573 17 89 209 655 783 108 147 766 692 728 30 366 802 228 891 568 557 523 253 77 494 135 504 760 665 57 673 9 204 775 170 543 492 598 107 30 484 338 513 499 638 815 682 27 878 469 68 135 835 687 333 555 536 467 421 837 424 449 619 549 587 725 245 764 675 774 768 70 855 22 456 823 76 537 362 355 306 99 587 125 157 17 602 839 258 326 429 400 55 121 66 616 39 224 786 662 395 125 638 776 490 316 684 427 55 704 195 739 397 234 119 778 65 88 434 664 9 524 228 65 663 554 591 716 299 707 302 746 447 101 275 77 205 720 182 189 125 271 166 229 633 625 401 388 415 393 640 578 774 580 139 771 174 425 467 148 747 554 736 740 12 647 490 186 20 558 145 644 687 178 95 366 256 720 494 652 542 393 256 715 266 310 740 206 485 484 422 476 188 522 662 590 679 19 614 215 84 325 400 669 325 222 457 112 338 551 501 66 26 528 115 203 346 625 1 174 468 237 386 85 191 683 257 196 595 648 294 596 542 643 682 365 340 416 575 391 46 100 387 293 457 169

1000 987
73 128 858 791 622 583 86 735 242 289 380 665 766 99 694 281 251 864 260 89 544 500 538 298 379 780 838 729 318 902 800 902 863 745 342 225 932 314 429 128 893 445 851 402 878 938 950 620 451 431 418 429 985 904 530 76 965 289 426 864 604 908 852 753 753 272 746 521 154 393 496 66 992 605 269 577 387 772 961 110 827 322 244 350 833 838 792 865 749 34 524 965 744 967 598 595 401 288 953 275 964 238 238 232 593 921 436 467 11 786 302 794 960 914 55 559 271 175 421 381 206 529 829 96 761 941 80 509 845 746 843 909 379 42 709 831 670 528 924 225 145 808 736 533 910 331 419 325 191 147 574 985 62 845 345 812 790 433 445 519 784 899 33 610 581 326 835 934 711 75 686 418 345 238 762 548 197 354 984 898 729 415 354 505 318 979 512 310 738 504 310 177 173 344 966 832 131 544 408 394 448 211 888 678 419 174 502 613 925 252 55 924 568 846 213 527 686 812 119 296 87 322 372 160 973 581 136 930 368 773 339 886 259 440 786 556 813 532 743 721 102 147 593 480 22 908 438 466 92 836 465 969 556 853 723 992 880 825 80 742 445 892 616 806 815 228 461 691 927 922 517 743 145 721 841 961 668 599 694 116 574 395 431 459 74 749 749 164 332 526 816 406 74 697 572 514 725 879 85 667 36 878 433 981 500 149 568 248 271 151 106 33 96 43 41 668 238 176 567 686 251 662 238 858 210 260 19 516 273 381 226 822 554 705 820 422 738 593 828 619 115 551 394 829 777 220 179 395 482 837 419 946 422 839 265 29 946 350 818 426 556 463 893 813 862 850 226 395 558 173 358 904 491 42 867 119 854 342 640 262 133 2 347 180 387 134 85 49 910 863 603 756 474 846 136 135 343 281 949 919 292 776 467 195 561 589 53 25 629 64 247 831 456 480 586 885 19 984 998 263 343 855 115 863 323 802 265 190 567 162 650 823 42 561 482 569 859 221 806 444 786 592 523 698 178 813 899 668 967 573 579 59 155 254 17 204 893 215 229 740 841 402 528 856 455 572 241 33 283 610 355 202 157 665 377 531 106 142 632 842 583 257 314 203 259 340 524 354 469 94 557 440 451 68 63 444 414 355 626 773 707 565 650 620 906 109 405 606 378 746 881 724 3 657 980 207 226 175 599 131 403 611 672 215 421 436 813 311 287 342 665 665 801 923 444 669 86 825 726 91 697 450 602 484 738 16 630 67 265 410 571 728 404 496 84 526 945 434 816 458 442 939 26 31 372 385 438 277 695 935 672 218 480 374 803 690 785 383 55 10 164 415 704 714 518 739 249 968 832 592 734 862 757 867 239 199 752 413 582 456 575 527 104 795 142 989 541 193 712 259 737 879 133 44 227 542 408 201 322 265 454 223 347 214 989 673 667 665 993 342 263 269 908 464 95 704 574 875 882 685 57 425 129 972 105 44 13 772 395 105 571 740 743 808 508 276 439 670 404 320 47 498 204 377 2 936 894 281 829 191 754 947 845 311 623 412 519 485 891 62 376 903 423 62 888 461 359 478 661 198 935 33 514 956 576 225 363 929 213 856 470 295 226 63 420 555 667 941 301 90 963 619 410 410 797 317 284 865 83 356 38 705 83 675 696 243 612 51 590 296 44 500 525 182 611 584 662 541 989 86 192 954 462 365 192 664 269 894 473 543 43 268 94 377 385 82 968 265 289 45 794 381 651 757 868 847 557 878 864 997 986 156 934 435 950 131 643 355 7 788 501 124 284 600 171 194 879 6 989 233 713 224 115 240 56 897 203 733 225 395 401 424 557 836 913 785 527 778 808 285 386 517 689 369 205 639 489 178 689 27 762 229 562 496 319 676 191 302 293 248 293 206 263 320 201 38 191 308 332 518 419 945 999 371 98 740 619 641 232 22 403 632 522 129 657 301 892 826 248 336 596 103 236 679 266 11 22 40 815 200 401 610 21 276 437 685 132 589 914 44 71 481 771 724 590 636 238 395 25 917 538 353 818 699 195 194 524 376 267 954 755 952 50 168 49 776 115 747 140 898 527 371 185 520 836 370 315 633 312 895 485 23 612 13 827 214 578 918 55 82 395 374 506 42 47 448 491 627 915 914 691 564 365 857 856 909 160 416 251 57 342 840 813 628 74 148 784 826 521 95 569 555 320 146 813 396 878 229 643 625 174 276 557 880 279 189 333 293 329 761 760 710 262 476 187 609 454
